100
178.90968 3.00327 29.24719
1.02534 3.70570 1999.00850
240.23672 2.44070 239.27569
290.9 2.07 1600.90
1.08281 3.86182 1.69556
44.01447 1.17176 1661.4594
453.0 2.0 36.0
494.56602 1.23119 1983.95512
264.11180 2.38423 627.62239
500.0 1.9 142.86
495.61733 1.08187 1969.12892
497.25900 1.09791 1930.05650
139.48259 1.12243 1318.79249
333.0 3.0 315.0
108.95 2.0 1008.0
495.51404 1.42286 1952.59466
492.0 3.1 1023.49108
468.31232 3.16660 1754.60820
362.0 4.0 1044.0
495.75668 1.25867 1998.89844
497.67944 1.30244 1954.09489
433.00000 1.00000 437.00000
19.24613 1.64416 271.29103
390.2 1.27412 1102.0
492.27320 1.31111 1932.82845
493.0 2.0 86.0
81.368 1.66 1282.810
6.477 1.000 107.216
497.78374 1.23511 1915.35496
490.71717 1.47989 1958.22704
32.98042 2.43 2000.0
377.79246 2.0 1444.1
236.0 3.0 594.0
498.23944 1.47760 1948.35353
495.58056 1.13174 1931.69531
285.00000 1.00000 312.00000
143.0 3.0 1871.892
154.0 3.0 1667.0
496.02445 1.21505 1944.53982
314.45071 1.16735 254.10068
283.0 3.0 1999.0
161.00000 2.00000 322.00000
34.35803 1.21313 689.78901
243.97068 2.96569 270.24623
88.00000 2.00000 176.00000
494.76071 1.49233 1956.95526
333.68382 1.92528 1319.00546
490.98513 1.02654 1927.41578
490.87383 1.12286 1925.78500
200.60208 2.02580 1854.88125
42.74506 1.6730 123.40
498.32536 1.45164 1943.26005
183.00489 2.98182 1491.70165
494.23913 1.48535 1943.36124
259.96 1.2415 1443.27778
1.07805 3.34659 1999.98732
37.56765 2.79780 716.63313
27.0 3.0 1430.0
495.71762 1.04143 1993.00249
495.12171 1.20281 1948.61354
11.01112 1.89707 247.65658
385.58049 2.12577 522.21669
496.02135 1.43488 1900.62448
1.00 1.0 312.803
493.70104 1.26014 1973.36863
493.69089 1.25382 1954.06368
495.12722 1.10823 1999.31795
491.0 3.0 1521.0
495.27446 1.48711 1999.45656
497.79019 1.32496 1971.47504
14.0 1.0 1876.0
480.45947 3.6 161.078
24.22 1.13367 1.0
46.0 3.0 955.0
38.08654 2.7 1322.9198
497.00000 2.00000 512.00000
495.42865 1.02121 1950.75869
497.49525 1.40183 1919.15730
498.00076 1.31256 1933.08916
439.227 2.0077 4.3
1.04090 3.00809 1999.04082
490.76203 2.44206 1735.77474
492.81762 1.30526 1913.91696
103.15 4.00 20.3
496.59218 1.28224 1971.74257
210.00000 2.00000 420.00000
1.08561 3.62911 1999.83113
55.10231 2.69341 500.53154
386.0 2.0 1695.0
133.88078 1.10057 1786.72754
491.71826 1.14552 1927.15573
271.73544 1.44679 1998.97274
162.0 4.0 1873.0
494.06064 1.11902 1911.87254
496.31574 1.35900 1941.90000
141.00000 2.00000 282.00000
467.00000 2.00000 499.00000
490.16320 1.13844 1947.40416
496.88161 1.15823 1924.35025
301.34176 3.53015 1045.30211
